89,5
89,4
89,3
89,2
89,1
89,0
0,528
0,527
0,526
88,4
88,3
88,2
88,1
88,0
87,3
87,2
87,1
87,0
86,5
86,4
86,3
86,2
86,1
86,0
85,4
85,3
85,2
85,1
85,0
84,4
84,3
84,2
84,1
84,0
83,4
83,3
83,2
83,1
83,0
0,525
0,524
82,5
82,4
82,3
82,2
82,1
82,0
0,523
0,522
81,4
81,3
81,2
81,1
81,0
80,3
80,2
80,1
80,0
79,5
79,4
79,3
79,2
79,1
79,0
78,4
78,3
78,2
78,1
78,0
77,4
77,3
77,2
77,1
77,0
76,4
76,3
76,2
76,1
76,0
0,521
0,520
0,519
0,518
0,517
0,516
0,515
75,5
75,4
75,3
75,2
0,514
75,1
75,0
74,4
74,3
74,2
74,1
74,0
0,513
73,3
73,2
73,1
73,0
72,5
0,512
72,4
72,3
72,2
72,1
72,0
0,511
71,4
0,510
71,3
71,2
0,509
71,1
71,0
70,4
70,3
70,2
70,1
70,0
69,4
69,3
69,2
69,1
69,0
60,2
60,0
61,4
61,2
61,0
61,1
61,3
0,508
62,4
62,2
62,0
0,507
0,472
43,2
63,5
63,4
63,2
